{
 "cells": [
  {
   "cell_type": "markdown",
   "metadata": {},
   "source": [
    "# PAD - Final Project"
   ]
  },
  {
   "cell_type": "markdown",
   "metadata": {},
   "source": [
    "## Boston Housing"
   ]
  },
  {
   "cell_type": "code",
   "execution_count": 1,
   "metadata": {},
   "outputs": [],
   "source": [
    "import os\n",
    "import sys"
   ]
  },
  {
   "cell_type": "code",
   "execution_count": 2,
   "metadata": {},
   "outputs": [],
   "source": [
    "import pandas as pd\n",
    "import plotly.express as px\n",
    "import statsmodels.api as sm\n",
    "import tensorflow as tf\n",
    "\n",
    "from sklearn.metrics import r2_score\n",
    "from sklearn.model_selection import train_test_split\n",
    "from sklearn.preprocessing import MinMaxScaler\n",
    "from tensorflow import keras\n",
    "from tensorflow.keras import layers\n",
    "from tensorflow.keras.layers.experimental import preprocessing"
   ]
  },
  {
   "cell_type": "code",
   "execution_count": 3,
   "metadata": {},
   "outputs": [
    {
     "output_type": "stream",
     "name": "stdout",
     "text": [
      "(506, 14)\n"
     ]
    },
    {
     "output_type": "execute_result",
     "data": {
      "text/plain": [
       "      crim    zn  indus  chas    nox     rm   age     dis  rad  tax  ptratio  \\\n",
       "0  0.00632  18.0   2.31     0  0.538  6.575  65.2  4.0900    1  296     15.3   \n",
       "1  0.02731   0.0   7.07     0  0.469  6.421  78.9  4.9671    2  242     17.8   \n",
       "2  0.02729   0.0   7.07     0  0.469  7.185  61.1  4.9671    2  242     17.8   \n",
       "3  0.03237   0.0   2.18     0  0.458  6.998  45.8  6.0622    3  222     18.7   \n",
       "4  0.06905   0.0   2.18     0  0.458  7.147  54.2  6.0622    3  222     18.7   \n",
       "\n",
       "        b  lstat  medv  \n",
       "0  396.90   4.98  24.0  \n",
       "1  396.90   9.14  21.6  \n",
       "2  392.83   4.03  34.7  \n",
       "3  394.63   2.94  33.4  \n",
       "4  396.90   5.33  36.2  "
      ],
      "text/html": "<div>\n<style scoped>\n    .dataframe tbody tr th:only-of-type {\n        vertical-align: middle;\n    }\n\n    .dataframe tbody tr th {\n        vertical-align: top;\n    }\n\n    .dataframe thead th {\n        text-align: right;\n    }\n</style>\n<table border=\"1\" class=\"dataframe\">\n  <thead>\n    <tr style=\"text-align: right;\">\n      <th></th>\n      <th>crim</th>\n      <th>zn</th>\n      <th>indus</th>\n      <th>chas</th>\n      <th>nox</th>\n      <th>rm</th>\n      <th>age</th>\n      <th>dis</th>\n      <th>rad</th>\n      <th>tax</th>\n      <th>ptratio</th>\n      <th>b</th>\n      <th>lstat</th>\n      <th>medv</th>\n    </tr>\n  </thead>\n  <tbody>\n    <tr>\n      <th>0</th>\n      <td>0.00632</td>\n      <td>18.0</td>\n      <td>2.31</td>\n      <td>0</td>\n      <td>0.538</td>\n      <td>6.575</td>\n      <td>65.2</td>\n      <td>4.0900</td>\n      <td>1</td>\n      <td>296</td>\n      <td>15.3</td>\n      <td>396.90</td>\n      <td>4.98</td>\n      <td>24.0</td>\n    </tr>\n    <tr>\n      <th>1</th>\n      <td>0.02731</td>\n      <td>0.0</td>\n      <td>7.07</td>\n      <td>0</td>\n      <td>0.469</td>\n      <td>6.421</td>\n      <td>78.9</td>\n      <td>4.9671</td>\n      <td>2</td>\n      <td>242</td>\n      <td>17.8</td>\n      <td>396.90</td>\n      <td>9.14</td>\n      <td>21.6</td>\n    </tr>\n    <tr>\n      <th>2</th>\n      <td>0.02729</td>\n      <td>0.0</td>\n      <td>7.07</td>\n      <td>0</td>\n      <td>0.469</td>\n      <td>7.185</td>\n      <td>61.1</td>\n      <td>4.9671</td>\n      <td>2</td>\n      <td>242</td>\n      <td>17.8</td>\n      <td>392.83</td>\n      <td>4.03</td>\n      <td>34.7</td>\n    </tr>\n    <tr>\n      <th>3</th>\n      <td>0.03237</td>\n      <td>0.0</td>\n      <td>2.18</td>\n      <td>0</td>\n      <td>0.458</td>\n      <td>6.998</td>\n      <td>45.8</td>\n      <td>6.0622</td>\n      <td>3</td>\n      <td>222</td>\n      <td>18.7</td>\n      <td>394.63</td>\n      <td>2.94</td>\n      <td>33.4</td>\n    </tr>\n    <tr>\n      <th>4</th>\n      <td>0.06905</td>\n      <td>0.0</td>\n      <td>2.18</td>\n      <td>0</td>\n      <td>0.458</td>\n      <td>7.147</td>\n      <td>54.2</td>\n      <td>6.0622</td>\n      <td>3</td>\n      <td>222</td>\n      <td>18.7</td>\n      <td>396.90</td>\n      <td>5.33</td>\n      <td>36.2</td>\n    </tr>\n  </tbody>\n</table>\n</div>"
     },
     "metadata": {},
     "execution_count": 3
    }
   ],
   "source": [
    "df_boston_reald_estate = pd.read_csv('./BostonHousing.csv')\n",
    "print(df_boston_reald_estate.shape)\n",
    "df_boston_reald_estate.head()"
   ]
  },
  {
   "cell_type": "markdown",
   "metadata": {},
   "source": [
    "# Processing\n",
    "\n",
    "Ze wzgledu na własne preferncje zdecydowałem się, że zadania z tej części wygodniej bedzie zrobić w nieco zmienionej kolejności. Mam nadzięjeę, ze nie wpłynie to na ocenę."
   ]
  },
  {
   "cell_type": "markdown",
   "metadata": {},
   "source": [
    "\n",
    "### Zadanie 2 (6ptk)\n",
    "Usuń ze zbioru kolumną „Chas”. Dokonaj standaryzacji wszystkich kolumn poza „Medv”\n"
   ]
  },
  {
   "cell_type": "code",
   "execution_count": 4,
   "metadata": {},
   "outputs": [],
   "source": [
    "df_boston_reald_estate.drop(columns=['chas'], inplace=True)"
   ]
  },
  {
   "cell_type": "code",
   "execution_count": 5,
   "metadata": {},
   "outputs": [],
   "source": [
    "min_max_scaler = MinMaxScaler()"
   ]
  },
  {
   "cell_type": "code",
   "execution_count": 6,
   "metadata": {},
   "outputs": [],
   "source": [
    "columns_to_be_scaled = [\n",
    "    'crim', 'zn', 'indus', 'nox', \n",
    "    'rm', 'age', 'dis', 'rad', \n",
    "    'tax', 'ptratio', 'b', 'lstat'\n",
    "]"
   ]
  },
  {
   "cell_type": "code",
   "execution_count": 7,
   "metadata": {},
   "outputs": [],
   "source": [
    "df_boston_reald_estate[columns_to_be_scaled] = min_max_scaler.fit_transform(df_boston_reald_estate[columns_to_be_scaled])"
   ]
  },
  {
   "cell_type": "code",
   "execution_count": 8,
   "metadata": {},
   "outputs": [
    {
     "output_type": "execute_result",
     "data": {
      "text/plain": [
       "       crim    zn     indus       nox        rm       age       dis       rad  \\\n",
       "0  0.000000  0.18  0.067815  0.314815  0.577505  0.641607  0.269203  0.000000   \n",
       "1  0.000236  0.00  0.242302  0.172840  0.547998  0.782698  0.348962  0.043478   \n",
       "2  0.000236  0.00  0.242302  0.172840  0.694386  0.599382  0.348962  0.043478   \n",
       "3  0.000293  0.00  0.063050  0.150206  0.658555  0.441813  0.448545  0.086957   \n",
       "4  0.000705  0.00  0.063050  0.150206  0.687105  0.528321  0.448545  0.086957   \n",
       "\n",
       "        tax   ptratio         b     lstat  medv  \n",
       "0  0.208015  0.287234  1.000000  0.089680  24.0  \n",
       "1  0.104962  0.553191  1.000000  0.204470  21.6  \n",
       "2  0.104962  0.553191  0.989737  0.063466  34.7  \n",
       "3  0.066794  0.648936  0.994276  0.033389  33.4  \n",
       "4  0.066794  0.648936  1.000000  0.099338  36.2  "
      ],
      "text/html": "<div>\n<style scoped>\n    .dataframe tbody tr th:only-of-type {\n        vertical-align: middle;\n    }\n\n    .dataframe tbody tr th {\n        vertical-align: top;\n    }\n\n    .dataframe thead th {\n        text-align: right;\n    }\n</style>\n<table border=\"1\" class=\"dataframe\">\n  <thead>\n    <tr style=\"text-align: right;\">\n      <th></th>\n      <th>crim</th>\n      <th>zn</th>\n      <th>indus</th>\n      <th>nox</th>\n      <th>rm</th>\n      <th>age</th>\n      <th>dis</th>\n      <th>rad</th>\n      <th>tax</th>\n      <th>ptratio</th>\n      <th>b</th>\n      <th>lstat</th>\n      <th>medv</th>\n    </tr>\n  </thead>\n  <tbody>\n    <tr>\n      <th>0</th>\n      <td>0.000000</td>\n      <td>0.18</td>\n      <td>0.067815</td>\n      <td>0.314815</td>\n      <td>0.577505</td>\n      <td>0.641607</td>\n      <td>0.269203</td>\n      <td>0.000000</td>\n      <td>0.208015</td>\n      <td>0.287234</td>\n      <td>1.000000</td>\n      <td>0.089680</td>\n      <td>24.0</td>\n    </tr>\n    <tr>\n      <th>1</th>\n      <td>0.000236</td>\n      <td>0.00</td>\n      <td>0.242302</td>\n      <td>0.172840</td>\n      <td>0.547998</td>\n      <td>0.782698</td>\n      <td>0.348962</td>\n      <td>0.043478</td>\n      <td>0.104962</td>\n      <td>0.553191</td>\n      <td>1.000000</td>\n      <td>0.204470</td>\n      <td>21.6</td>\n    </tr>\n    <tr>\n      <th>2</th>\n      <td>0.000236</td>\n      <td>0.00</td>\n      <td>0.242302</td>\n      <td>0.172840</td>\n      <td>0.694386</td>\n      <td>0.599382</td>\n      <td>0.348962</td>\n      <td>0.043478</td>\n      <td>0.104962</td>\n      <td>0.553191</td>\n      <td>0.989737</td>\n      <td>0.063466</td>\n      <td>34.7</td>\n    </tr>\n    <tr>\n      <th>3</th>\n      <td>0.000293</td>\n      <td>0.00</td>\n      <td>0.063050</td>\n      <td>0.150206</td>\n      <td>0.658555</td>\n      <td>0.441813</td>\n      <td>0.448545</td>\n      <td>0.086957</td>\n      <td>0.066794</td>\n      <td>0.648936</td>\n      <td>0.994276</td>\n      <td>0.033389</td>\n      <td>33.4</td>\n    </tr>\n    <tr>\n      <th>4</th>\n      <td>0.000705</td>\n      <td>0.00</td>\n      <td>0.063050</td>\n      <td>0.150206</td>\n      <td>0.687105</td>\n      <td>0.528321</td>\n      <td>0.448545</td>\n      <td>0.086957</td>\n      <td>0.066794</td>\n      <td>0.648936</td>\n      <td>1.000000</td>\n      <td>0.099338</td>\n      <td>36.2</td>\n    </tr>\n  </tbody>\n</table>\n</div>"
     },
     "metadata": {},
     "execution_count": 8
    }
   ],
   "source": [
    "df_boston_reald_estate.head()"
   ]
  },
  {
   "cell_type": "markdown",
   "metadata": {},
   "source": [
    "### Zadanie 3 (6ptk)\n",
    "Przedstaw w formie heatmapy oraz ramki danych, macierz korelacji dla wszystkich kolumn danych."
   ]
  },
  {
   "cell_type": "code",
   "execution_count": 9,
   "metadata": {},
   "outputs": [
    {
     "output_type": "execute_result",
     "data": {
      "text/plain": [
       "             crim        zn     indus       nox        rm       age       dis  \\\n",
       "crim     1.000000 -0.200469  0.406583  0.420972 -0.219247  0.352734 -0.379670   \n",
       "zn      -0.200469  1.000000 -0.533828 -0.516604  0.311991 -0.569537  0.664408   \n",
       "indus    0.406583 -0.533828  1.000000  0.763651 -0.391676  0.644779 -0.708027   \n",
       "nox      0.420972 -0.516604  0.763651  1.000000 -0.302188  0.731470 -0.769230   \n",
       "rm      -0.219247  0.311991 -0.391676 -0.302188  1.000000 -0.240265  0.205246   \n",
       "age      0.352734 -0.569537  0.644779  0.731470 -0.240265  1.000000 -0.747881   \n",
       "dis     -0.379670  0.664408 -0.708027 -0.769230  0.205246 -0.747881  1.000000   \n",
       "rad      0.625505 -0.311948  0.595129  0.611441 -0.209847  0.456022 -0.494588   \n",
       "tax      0.582764 -0.314563  0.720760  0.668023 -0.292048  0.506456 -0.534432   \n",
       "ptratio  0.289946 -0.391679  0.383248  0.188933 -0.355501  0.261515 -0.232471   \n",
       "b       -0.385064  0.175520 -0.356977 -0.380051  0.128069 -0.273534  0.291512   \n",
       "lstat    0.455621 -0.412995  0.603800  0.590879 -0.613808  0.602339 -0.496996   \n",
       "medv    -0.388305  0.360445 -0.483725 -0.427321  0.695360 -0.376955  0.249929   \n",
       "\n",
       "              rad       tax   ptratio         b     lstat      medv  \n",
       "crim     0.625505  0.582764  0.289946 -0.385064  0.455621 -0.388305  \n",
       "zn      -0.311948 -0.314563 -0.391679  0.175520 -0.412995  0.360445  \n",
       "indus    0.595129  0.720760  0.383248 -0.356977  0.603800 -0.483725  \n",
       "nox      0.611441  0.668023  0.188933 -0.380051  0.590879 -0.427321  \n",
       "rm      -0.209847 -0.292048 -0.355501  0.128069 -0.613808  0.695360  \n",
       "age      0.456022  0.506456  0.261515 -0.273534  0.602339 -0.376955  \n",
       "dis     -0.494588 -0.534432 -0.232471  0.291512 -0.496996  0.249929  \n",
       "rad      1.000000  0.910228  0.464741 -0.444413  0.488676 -0.381626  \n",
       "tax      0.910228  1.000000  0.460853 -0.441808  0.543993 -0.468536  \n",
       "ptratio  0.464741  0.460853  1.000000 -0.177383  0.374044 -0.507787  \n",
       "b       -0.444413 -0.441808 -0.177383  1.000000 -0.366087  0.333461  \n",
       "lstat    0.488676  0.543993  0.374044 -0.366087  1.000000 -0.737663  \n",
       "medv    -0.381626 -0.468536 -0.507787  0.333461 -0.737663  1.000000  "
      ],
      "text/html": "<div>\n<style scoped>\n    .dataframe tbody tr th:only-of-type {\n        vertical-align: middle;\n    }\n\n    .dataframe tbody tr th {\n        vertical-align: top;\n    }\n\n    .dataframe thead th {\n        text-align: right;\n    }\n</style>\n<table border=\"1\" class=\"dataframe\">\n  <thead>\n    <tr style=\"text-align: right;\">\n      <th></th>\n      <th>crim</th>\n      <th>zn</th>\n      <th>indus</th>\n      <th>nox</th>\n      <th>rm</th>\n      <th>age</th>\n      <th>dis</th>\n      <th>rad</th>\n      <th>tax</th>\n      <th>ptratio</th>\n      <th>b</th>\n      <th>lstat</th>\n      <th>medv</th>\n    </tr>\n  </thead>\n  <tbody>\n    <tr>\n      <th>crim</th>\n      <td>1.000000</td>\n      <td>-0.200469</td>\n      <td>0.406583</td>\n      <td>0.420972</td>\n      <td>-0.219247</td>\n      <td>0.352734</td>\n      <td>-0.379670</td>\n      <td>0.625505</td>\n      <td>0.582764</td>\n      <td>0.289946</td>\n      <td>-0.385064</td>\n      <td>0.455621</td>\n      <td>-0.388305</td>\n    </tr>\n    <tr>\n      <th>zn</th>\n      <td>-0.200469</td>\n      <td>1.000000</td>\n      <td>-0.533828</td>\n      <td>-0.516604</td>\n      <td>0.311991</td>\n      <td>-0.569537</td>\n      <td>0.664408</td>\n      <td>-0.311948</td>\n      <td>-0.314563</td>\n      <td>-0.391679</td>\n      <td>0.175520</td>\n      <td>-0.412995</td>\n      <td>0.360445</td>\n    </tr>\n    <tr>\n      <th>indus</th>\n      <td>0.406583</td>\n      <td>-0.533828</td>\n      <td>1.000000</td>\n      <td>0.763651</td>\n      <td>-0.391676</td>\n      <td>0.644779</td>\n      <td>-0.708027</td>\n      <td>0.595129</td>\n      <td>0.720760</td>\n      <td>0.383248</td>\n      <td>-0.356977</td>\n      <td>0.603800</td>\n      <td>-0.483725</td>\n    </tr>\n    <tr>\n      <th>nox</th>\n      <td>0.420972</td>\n      <td>-0.516604</td>\n      <td>0.763651</td>\n      <td>1.000000</td>\n      <td>-0.302188</td>\n      <td>0.731470</td>\n      <td>-0.769230</td>\n      <td>0.611441</td>\n      <td>0.668023</td>\n      <td>0.188933</td>\n      <td>-0.380051</td>\n      <td>0.590879</td>\n      <td>-0.427321</td>\n    </tr>\n    <tr>\n      <th>rm</th>\n      <td>-0.219247</td>\n      <td>0.311991</td>\n      <td>-0.391676</td>\n      <td>-0.302188</td>\n      <td>1.000000</td>\n      <td>-0.240265</td>\n      <td>0.205246</td>\n      <td>-0.209847</td>\n      <td>-0.292048</td>\n      <td>-0.355501</td>\n      <td>0.128069</td>\n      <td>-0.613808</td>\n      <td>0.695360</td>\n    </tr>\n    <tr>\n      <th>age</th>\n      <td>0.352734</td>\n      <td>-0.569537</td>\n      <td>0.644779</td>\n      <td>0.731470</td>\n      <td>-0.240265</td>\n      <td>1.000000</td>\n      <td>-0.747881</td>\n      <td>0.456022</td>\n      <td>0.506456</td>\n      <td>0.261515</td>\n      <td>-0.273534</td>\n      <td>0.602339</td>\n      <td>-0.376955</td>\n    </tr>\n    <tr>\n      <th>dis</th>\n      <td>-0.379670</td>\n      <td>0.664408</td>\n      <td>-0.708027</td>\n      <td>-0.769230</td>\n      <td>0.205246</td>\n      <td>-0.747881</td>\n      <td>1.000000</td>\n      <td>-0.494588</td>\n      <td>-0.534432</td>\n      <td>-0.232471</td>\n      <td>0.291512</td>\n      <td>-0.496996</td>\n      <td>0.249929</td>\n    </tr>\n    <tr>\n      <th>rad</th>\n      <td>0.625505</td>\n      <td>-0.311948</td>\n      <td>0.595129</td>\n      <td>0.611441</td>\n      <td>-0.209847</td>\n      <td>0.456022</td>\n      <td>-0.494588</td>\n      <td>1.000000</td>\n      <td>0.910228</td>\n      <td>0.464741</td>\n      <td>-0.444413</td>\n      <td>0.488676</td>\n      <td>-0.381626</td>\n    </tr>\n    <tr>\n      <th>tax</th>\n      <td>0.582764</td>\n      <td>-0.314563</td>\n      <td>0.720760</td>\n      <td>0.668023</td>\n      <td>-0.292048</td>\n      <td>0.506456</td>\n      <td>-0.534432</td>\n      <td>0.910228</td>\n      <td>1.000000</td>\n      <td>0.460853</td>\n      <td>-0.441808</td>\n      <td>0.543993</td>\n      <td>-0.468536</td>\n    </tr>\n    <tr>\n      <th>ptratio</th>\n      <td>0.289946</td>\n      <td>-0.391679</td>\n      <td>0.383248</td>\n      <td>0.188933</td>\n      <td>-0.355501</td>\n      <td>0.261515</td>\n      <td>-0.232471</td>\n      <td>0.464741</td>\n      <td>0.460853</td>\n      <td>1.000000</td>\n      <td>-0.177383</td>\n      <td>0.374044</td>\n      <td>-0.507787</td>\n    </tr>\n    <tr>\n      <th>b</th>\n      <td>-0.385064</td>\n      <td>0.175520</td>\n      <td>-0.356977</td>\n      <td>-0.380051</td>\n      <td>0.128069</td>\n      <td>-0.273534</td>\n      <td>0.291512</td>\n      <td>-0.444413</td>\n      <td>-0.441808</td>\n      <td>-0.177383</td>\n      <td>1.000000</td>\n      <td>-0.366087</td>\n      <td>0.333461</td>\n    </tr>\n    <tr>\n      <th>lstat</th>\n      <td>0.455621</td>\n      <td>-0.412995</td>\n      <td>0.603800</td>\n      <td>0.590879</td>\n      <td>-0.613808</td>\n      <td>0.602339</td>\n      <td>-0.496996</td>\n      <td>0.488676</td>\n      <td>0.543993</td>\n      <td>0.374044</td>\n      <td>-0.366087</td>\n      <td>1.000000</td>\n      <td>-0.737663</td>\n    </tr>\n    <tr>\n      <th>medv</th>\n      <td>-0.388305</td>\n      <td>0.360445</td>\n      <td>-0.483725</td>\n      <td>-0.427321</td>\n      <td>0.695360</td>\n      <td>-0.376955</td>\n      <td>0.249929</td>\n      <td>-0.381626</td>\n      <td>-0.468536</td>\n      <td>-0.507787</td>\n      <td>0.333461</td>\n      <td>-0.737663</td>\n      <td>1.000000</td>\n    </tr>\n  </tbody>\n</table>\n</div>"
     },
     "metadata": {},
     "execution_count": 9
    }
   ],
   "source": [
    "df_corrs = df_boston_reald_estate.corr()\n",
    "df_corrs"
   ]
  },
  {
   "cell_type": "code",
   "execution_count": 10,
   "metadata": {},
   "outputs": [
    {
     "output_type": "display_data",
     "data": {
      "application/vnd.plotly.v1+json": {
       "config": {
        "plotlyServerURL": "https://plot.ly"
       },
       "data": [
        {
         "coloraxis": "coloraxis",
         "hovertemplate": "x: %{x}<br>y: %{y}<br>color: %{z}<extra></extra>",
         "name": "0",
         "type": "heatmap",
         "x": [
          "crim",
          "zn",
          "indus",
          "nox",
          "rm",
          "age",
          "dis",
          "rad",
          "tax",
          "ptratio",
          "b",
          "lstat",
          "medv"
         ],
         "xaxis": "x",
         "y": [
          "crim",
          "zn",
          "indus",
          "nox",
          "rm",
          "age",
          "dis",
          "rad",
          "tax",
          "ptratio",
          "b",
          "lstat",
          "medv"
         ],
         "yaxis": "y",
         "z": [
          [
           1,
           -0.20046921966254727,
           0.4065834114062591,
           0.4209717113924561,
           -0.2192467028625134,
           0.35273425090136395,
           -0.3796700869510243,
           0.6255051452626018,
           0.5827643120325848,
           0.28994557927952014,
           -0.3850639419942239,
           0.45562147944794634,
           -0.38830460858681154
          ],
          [
           -0.20046921966254727,
           1,
           -0.5338281863044698,
           -0.5166037078279841,
           0.31199058737409013,
           -0.5695373420992113,
           0.6644082227621095,
           -0.31194782601853666,
           -0.3145633246775993,
           -0.39167854793621515,
           0.17552031738282722,
           -0.4129945745270033,
           0.3604453424505433
          ],
          [
           0.4065834114062591,
           -0.5338281863044698,
           1,
           0.7636514469209148,
           -0.39167585265684246,
           0.644778511355255,
           -0.7080269887427678,
           0.5951292746038486,
           0.7207601799515422,
           0.38324755642888714,
           -0.35697653510419214,
           0.6037997164766219,
           -0.48372516002837274
          ],
          [
           0.4209717113924561,
           -0.5166037078279841,
           0.7636514469209148,
           1,
           -0.3021881878495931,
           0.7314701037859581,
           -0.7692301132258282,
           0.611440563485578,
           0.6680232004030231,
           0.18893267711276782,
           -0.38005063779240056,
           0.5908789208808467,
           -0.42732077237328286
          ],
          [
           -0.2192467028625134,
           0.31199058737409013,
           -0.39167585265684246,
           -0.3021881878495931,
           1,
           -0.24026493104775104,
           0.20524621293005443,
           -0.20984666776610789,
           -0.2920478326232185,
           -0.355501494559085,
           0.12806863509254282,
           -0.6138082718663953,
           0.6953599470715397
          ],
          [
           0.35273425090136395,
           -0.5695373420992113,
           0.644778511355255,
           0.7314701037859581,
           -0.24026493104775104,
           1,
           -0.7478805408686315,
           0.4560224517516142,
           0.5064555935507054,
           0.2615150116719579,
           -0.273533976638513,
           0.6023385287262403,
           -0.37695456500459623
          ],
          [
           -0.3796700869510243,
           0.6644082227621095,
           -0.7080269887427678,
           -0.7692301132258282,
           0.20524621293005443,
           -0.7478805408686315,
           1,
           -0.49458792967207565,
           -0.5344315844084567,
           -0.23247054240825687,
           0.29151167313303933,
           -0.49699583086368554,
           0.24992873408590413
          ],
          [
           0.6255051452626018,
           -0.31194782601853666,
           0.5951292746038486,
           0.611440563485578,
           -0.20984666776610789,
           0.4560224517516142,
           -0.49458792967207565,
           1,
           0.9102281885331874,
           0.4647411785030562,
           -0.4444128155751254,
           0.48867633497506774,
           -0.3816262306397776
          ],
          [
           0.5827643120325848,
           -0.3145633246775993,
           0.7207601799515422,
           0.6680232004030231,
           -0.2920478326232185,
           0.5064555935507054,
           -0.5344315844084567,
           0.9102281885331874,
           1,
           0.4608530350656664,
           -0.44180800672281384,
           0.5439934120015706,
           -0.4685359335677667
          ],
          [
           0.28994557927952014,
           -0.39167854793621515,
           0.38324755642888714,
           0.18893267711276782,
           -0.355501494559085,
           0.2615150116719579,
           -0.23247054240825687,
           0.4647411785030562,
           0.4608530350656664,
           1,
           -0.17738330230523183,
           0.3740443167146762,
           -0.5077866855375609
          ],
          [
           -0.3850639419942239,
           0.17552031738282722,
           -0.35697653510419214,
           -0.38005063779240056,
           0.12806863509254282,
           -0.273533976638513,
           0.29151167313303933,
           -0.4444128155751254,
           -0.44180800672281384,
           -0.17738330230523183,
           1,
           -0.3660869016915967,
           0.3334608196570665
          ],
          [
           0.45562147944794634,
           -0.4129945745270033,
           0.6037997164766219,
           0.5908789208808467,
           -0.6138082718663953,
           0.6023385287262403,
           -0.49699583086368554,
           0.48867633497506774,
           0.5439934120015706,
           0.3740443167146762,
           -0.3660869016915967,
           1,
           -0.7376627261740151
          ],
          [
           -0.38830460858681154,
           0.3604453424505433,
           -0.48372516002837274,
           -0.42732077237328286,
           0.6953599470715397,
           -0.37695456500459623,
           0.24992873408590413,
           -0.3816262306397776,
           -0.4685359335677667,
           -0.5077866855375609,
           0.3334608196570665,
           -0.7376627261740151,
           1
          ]
         ]
        }
       ],
       "layout": {
        "coloraxis": {
         "colorscale": [
          [
           0,
           "#0d0887"
          ],
          [
           0.1111111111111111,
           "#46039f"
          ],
          [
           0.2222222222222222,
           "#7201a8"
          ],
          [
           0.3333333333333333,
           "#9c179e"
          ],
          [
           0.4444444444444444,
           "#bd3786"
          ],
          [
           0.5555555555555556,
           "#d8576b"
          ],
          [
           0.6666666666666666,
           "#ed7953"
          ],
          [
           0.7777777777777778,
           "#fb9f3a"
          ],
          [
           0.8888888888888888,
           "#fdca26"
          ],
          [
           1,
           "#f0f921"
          ]
         ]
        },
        "margin": {
         "t": 60
        },
        "template": {
         "data": {
          "bar": [
           {
            "error_x": {
             "color": "#2a3f5f"
            },
            "error_y": {
             "color": "#2a3f5f"
            },
            "marker": {
             "line": {
              "color": "#E5ECF6",
              "width": 0.5
             }
            },
            "type": "bar"
           }
          ],
          "barpolar": [
           {
            "marker": {
             "line": {
              "color": "#E5ECF6",
              "width": 0.5
             }
            },
            "type": "barpolar"
           }
          ],
          "carpet": [
           {
            "aaxis": {
             "endlinecolor": "#2a3f5f",
             "gridcolor": "white",
             "linecolor": "white",
             "minorgridcolor": "white",
             "startlinecolor": "#2a3f5f"
            },
            "baxis": {
             "endlinecolor": "#2a3f5f",
             "gridcolor": "white",
             "linecolor": "white",
             "minorgridcolor": "white",
             "startlinecolor": "#2a3f5f"
            },
            "type": "carpet"
           }
          ],
          "choropleth": [
           {
            "colorbar": {
             "outlinewidth": 0,
             "ticks": ""
            },
            "type": "choropleth"
           }
          ],
          "contour": [
           {
            "colorbar": {
             "outlinewidth": 0,
             "ticks": ""
            },
            "colorscale": [
             [
              0,
              "#0d0887"
             ],
             [
              0.1111111111111111,
              "#46039f"
             ],
             [
              0.2222222222222222,
              "#7201a8"
             ],
             [
              0.3333333333333333,
              "#9c179e"
             ],
             [
              0.4444444444444444,
              "#bd3786"
             ],
             [
              0.5555555555555556,
              "#d8576b"
             ],
             [
              0.6666666666666666,
              "#ed7953"
             ],
             [
              0.7777777777777778,
              "#fb9f3a"
             ],
             [
              0.8888888888888888,
              "#fdca26"
             ],
             [
              1,
              "#f0f921"
             ]
            ],
            "type": "contour"
           }
          ],
          "contourcarpet": [
           {
            "colorbar": {
             "outlinewidth": 0,
             "ticks": ""
            },
            "type": "contourcarpet"
           }
          ],
          "heatmap": [
           {
            "colorbar": {
             "outlinewidth": 0,
             "ticks": ""
            },
            "colorscale": [
             [
              0,
              "#0d0887"
             ],
             [
              0.1111111111111111,
              "#46039f"
             ],
             [
              0.2222222222222222,
              "#7201a8"
             ],
             [
              0.3333333333333333,
              "#9c179e"
             ],
             [
              0.4444444444444444,
              "#bd3786"
             ],
             [
              0.5555555555555556,
              "#d8576b"
             ],
             [
              0.6666666666666666,
              "#ed7953"
             ],
             [
              0.7777777777777778,
              "#fb9f3a"
             ],
             [
              0.8888888888888888,
              "#fdca26"
             ],
             [
              1,
              "#f0f921"
             ]
            ],
            "type": "heatmap"
           }
          ],
          "heatmapgl": [
           {
            "colorbar": {
             "outlinewidth": 0,
             "ticks": ""
            },
            "colorscale": [
             [
              0,
              "#0d0887"
             ],
             [
              0.1111111111111111,
              "#46039f"
             ],
             [
              0.2222222222222222,
              "#7201a8"
             ],
             [
              0.3333333333333333,
              "#9c179e"
             ],
             [
              0.4444444444444444,
              "#bd3786"
             ],
             [
              0.5555555555555556,
              "#d8576b"
             ],
             [
              0.6666666666666666,
              "#ed7953"
             ],
             [
              0.7777777777777778,
              "#fb9f3a"
             ],
             [
              0.8888888888888888,
              "#fdca26"
             ],
             [
              1,
              "#f0f921"
             ]
            ],
            "type": "heatmapgl"
           }
          ],
          "histogram": [
           {
            "marker": {
             "colorbar": {
              "outlinewidth": 0,
              "ticks": ""
             }
            },
            "type": "histogram"
           }
          ],
          "histogram2d": [
           {
            "colorbar": {
             "outlinewidth": 0,
             "ticks": ""
            },
            "colorscale": [
             [
              0,
              "#0d0887"
             ],
             [
              0.1111111111111111,
              "#46039f"
             ],
             [
              0.2222222222222222,
              "#7201a8"
             ],
             [
              0.3333333333333333,
              "#9c179e"
             ],
             [
              0.4444444444444444,
              "#bd3786"
             ],
             [
              0.5555555555555556,
              "#d8576b"
             ],
             [
              0.6666666666666666,
              "#ed7953"
             ],
             [
              0.7777777777777778,
              "#fb9f3a"
             ],
             [
              0.8888888888888888,
              "#fdca26"
             ],
             [
              1,
              "#f0f921"
             ]
            ],
            "type": "histogram2d"
           }
          ],
          "histogram2dcontour": [
           {
            "colorbar": {
             "outlinewidth": 0,
             "ticks": ""
            },
            "colorscale": [
             [
              0,
              "#0d0887"
             ],
             [
              0.1111111111111111,
              "#46039f"
             ],
             [
              0.2222222222222222,
              "#7201a8"
             ],
             [
              0.3333333333333333,
              "#9c179e"
             ],
             [
              0.4444444444444444,
              "#bd3786"
             ],
             [
              0.5555555555555556,
              "#d8576b"
             ],
             [
              0.6666666666666666,
              "#ed7953"
             ],
             [
              0.7777777777777778,
              "#fb9f3a"
             ],
             [
              0.8888888888888888,
              "#fdca26"
             ],
             [
              1,
              "#f0f921"
             ]
            ],
            "type": "histogram2dcontour"
           }
          ],
          "mesh3d": [
           {
            "colorbar": {
             "outlinewidth": 0,
             "ticks": ""
            },
            "type": "mesh3d"
           }
          ],
          "parcoords": [
           {
            "line": {
             "colorbar": {
              "outlinewidth": 0,
              "ticks": ""
             }
            },
            "type": "parcoords"
           }
          ],
          "pie": [
           {
            "automargin": true,
            "type": "pie"
           }
          ],
          "scatter": [
           {
            "marker": {
             "colorbar": {
              "outlinewidth": 0,
              "ticks": ""
             }
            },
            "type": "scatter"
           }
          ],
          "scatter3d": [
           {
            "line": {
             "colorbar": {
              "outlinewidth": 0,
              "ticks": ""
             }
            },
            "marker": {
             "colorbar": {
              "outlinewidth": 0,
              "ticks": ""
             }
            },
            "type": "scatter3d"
           }
          ],
          "scattercarpet": [
           {
            "marker": {
             "colorbar": {
              "outlinewidth": 0,
              "ticks": ""
             }
            },
            "type": "scattercarpet"
           }
          ],
          "scattergeo": [
           {
            "marker": {
             "colorbar": {
              "outlinewidth": 0,
              "ticks": ""
             }
            },
            "type": "scattergeo"
           }
          ],
          "scattergl": [
           {
            "marker": {
             "colorbar": {
              "outlinewidth": 0,
              "ticks": ""
             }
            },
            "type": "scattergl"
           }
          ],
          "scattermapbox": [
           {
            "marker": {
             "colorbar": {
              "outlinewidth": 0,
              "ticks": ""
             }
            },
            "type": "scattermapbox"
           }
          ],
          "scatterpolar": [
           {
            "marker": {
             "colorbar": {
              "outlinewidth": 0,
              "ticks": ""
             }
            },
            "type": "scatterpolar"
           }
          ],
          "scatterpolargl": [
           {
            "marker": {
             "colorbar": {
              "outlinewidth": 0,
              "ticks": ""
             }
            },
            "type": "scatterpolargl"
           }
          ],
          "scatterternary": [
           {
            "marker": {
             "colorbar": {
              "outlinewidth": 0,
              "ticks": ""
             }
            },
            "type": "scatterternary"
           }
          ],
          "surface": [
           {
            "colorbar": {
             "outlinewidth": 0,
             "ticks": ""
            },
            "colorscale": [
             [
              0,
              "#0d0887"
             ],
             [
              0.1111111111111111,
              "#46039f"
             ],
             [
              0.2222222222222222,
              "#7201a8"
             ],
             [
              0.3333333333333333,
              "#9c179e"
             ],
             [
              0.4444444444444444,
              "#bd3786"
             ],
             [
              0.5555555555555556,
              "#d8576b"
             ],
             [
              0.6666666666666666,
              "#ed7953"
             ],
             [
              0.7777777777777778,
              "#fb9f3a"
             ],
             [
              0.8888888888888888,
              "#fdca26"
             ],
             [
              1,
              "#f0f921"
             ]
            ],
            "type": "surface"
           }
          ],
          "table": [
           {
            "cells": {
             "fill": {
              "color": "#EBF0F8"
             },
             "line": {
              "color": "white"
             }
            },
            "header": {
             "fill": {
              "color": "#C8D4E3"
             },
             "line": {
              "color": "white"
             }
            },
            "type": "table"
           }
          ]
         },
         "layout": {
          "annotationdefaults": {
           "arrowcolor": "#2a3f5f",
           "arrowhead": 0,
           "arrowwidth": 1
          },
          "autotypenumbers": "strict",
          "coloraxis": {
           "colorbar": {
            "outlinewidth": 0,
            "ticks": ""
           }
          },
          "colorscale": {
           "diverging": [
            [
             0,
             "#8e0152"
            ],
            [
             0.1,
             "#c51b7d"
            ],
            [
             0.2,
             "#de77ae"
            ],
            [
             0.3,
             "#f1b6da"
            ],
            [
             0.4,
             "#fde0ef"
            ],
            [
             0.5,
             "#f7f7f7"
            ],
            [
             0.6,
             "#e6f5d0"
            ],
            [
             0.7,
             "#b8e186"
            ],
            [
             0.8,
             "#7fbc41"
            ],
            [
             0.9,
             "#4d9221"
            ],
            [
             1,
             "#276419"
            ]
           ],
           "sequential": [
            [
             0,
             "#0d0887"
            ],
            [
             0.1111111111111111,
             "#46039f"
            ],
            [
             0.2222222222222222,
             "#7201a8"
            ],
            [
             0.3333333333333333,
             "#9c179e"
            ],
            [
             0.4444444444444444,
             "#bd3786"
            ],
            [
             0.5555555555555556,
             "#d8576b"
            ],
            [
             0.6666666666666666,
             "#ed7953"
            ],
            [
             0.7777777777777778,
             "#fb9f3a"
            ],
            [
             0.8888888888888888,
             "#fdca26"
            ],
            [
             1,
             "#f0f921"
            ]
           ],
           "sequentialminus": [
            [
             0,
             "#0d0887"
            ],
            [
             0.1111111111111111,
             "#46039f"
            ],
            [
             0.2222222222222222,
             "#7201a8"
            ],
            [
             0.3333333333333333,
             "#9c179e"
            ],
            [
             0.4444444444444444,
             "#bd3786"
            ],
            [
             0.5555555555555556,
             "#d8576b"
            ],
            [
             0.6666666666666666,
             "#ed7953"
            ],
